14
75
179
341
557
768
1007
1374
1707
2131
2627
3170
3864
4474
5218
5822
6312
6850
7304
7752
7970
7889
7863
7716
7387
7138
6877
6225
5836
5330
4857
4348
3843
3396
2891
2324
1889
1454
1098
908
798
662
521
392
286
233
187
147
128
70
70
79
70
72
83
107
132
145
180
202
212
249
290
322
338
363
390
396
428
454
550
620
684
779
877
916
1033
1217
1297
1476
1609
1771
1980
2153
2300
2504
2742
2990
3153
3311
3541
3755
4020
4048
4121
4178
4346
4466
4520
4489
4316
4242
4042
3856
3744
3478
3345
2926
2673
2408
2201
2019
1810
1619
1460
1290
1156
1042
922
780
705
614
583
551
488
426
414
412
420
408
407
392
401
396
381
416
441
483
483
495
548
617
636
746
849
933
978
1081
1143
1211
1311
1413
1515
1712
1904
2042
2091
2210
2453
2622
2700
2794
2892
3002
3197
3400
3505
3688
3780
3813
3881
3923
3863
3788
3775
3672
3505
3408
3396
3264
3147
2941
2750
2523
2321
2076
1832
1655
1453
1315
1203
1068
954
923
819
660
614
598
556
526
537
503
469
452
425
454
494
516
543
545
581
621
674
717
705
705
756
802
871
865
960
1038
1130
1238
1319
1395
1483
1580
1675
1838
1895
2023
2180
2345
2424
2586
2719
2858
2989
3075
3076
3315
3430
3496
3557
3568
3520
3539
3521
3565
3528
3466
3465
3293
3085
2966
2750
2496
2259
2122
1881
1756
1630
1546
1444
1382
1314
1171
1125
1038
968
899
870
854
817
776
751
677
644
643
690
701
677
698
705
787
774
773
819
848
871
892
979
1024
1115
1173
1217
1325
1422
1504
1575
1707
1810
1890
2058
2089
2274
2432
2492
2604
2716
2753
2849
2843
2807
2975
3067
3043
3094
3162
3184
3166
3172
3143
3016
2881
2784
2723
2710
2557
2441
2253
2153
2114
2036
1941
1807
1631
1554
1460
1423
1409
1409
1342
1261
1161
1071
1024
1028
982
901
852
858
786
762
730
743
756
808
822
860
884
916
941
1013
1050
1036
1087
1130
1188
1296
1364
1467
1546
1677
1777
1762
1918
2043
2124
2205
2232
2338
2381
2434
2475
2613
2655
2647
2720
2629
2676
2734
2859
2859
2851
2914
2887
2871
2912
2890
2857
2685
2591
2534
2462
2423
2303
2225
2101
2019
1957
1833
1772
1595
1493
1410
1332
1273
1250
1146
1138
1086
1094
1071
1053
1016
977
1048
1104
1160
1109
1105
1121
1131
1125
1121
1178
1210
1169
1184
1231
1205
1302
1371
1453
1431
1520
1639
1642
1674
1702
1809
1937
1994
2047
2093
2094
2264
2312
2343
2430
2503
2562
2595
2708
2670
2590
2592
2604
2584
2604
2597
2655
2640
2529
2495
2448
2335
2219
2213
2135
2100
2000
1918
1896
1721
1740
1658
1571
1528
1473
1442
1455
1443
1425
1389
1317
1307
1229
1238
1201
1200
1248
1225
1234
1223
1239
1222
1249
1326
1317
1368
1384
1427
1467
1523
1545
1579
1696
1684
1642
1694
1745
1735
1829
1796
1850
1921
1963
1982
2025
2090
2144
2138
2066
2063
2086
2134
2143
2169
2200
2209
2186
2234
2178
2149
2165
2214
2143
2165
2128
2134
2145
2088
1934
1908
1952
1968
2025
1969
1921
1930
1842
1853
1859
1834
1773
1759
1745
1665
1659
1668
1595
1549
1493
1397
1364
1404
1331
1375
1438
1500
1541
1480
1494
1511
1579
1586
1620
1583
1607
1504
1526
1586
1540
1643
1644
1672
1692
1699
1820
1941
2013
2011
2131
2167
2173
2198
2153
2114
2135
2143
2250
2177
2212
2244
2154
2151
2175
2082
2152
2174
2123
2055
2064
1997
2013
1948
1975
1899
1953
1912
1846
1785
1752
1785
1732
1623
1589
1586
1560
1564
1579
1531
1490
1471
1432
1469
1481
1508
1464
1435
1452
1459
1464
1542
1551
1602
1606
1573
1614
1563
1583
1563
1604
1588
1634
1628
1626
1719
1712
1730
1776
1797
1918
1981
2021
1984
2005
2072
2124
2153
2209
2174
2183
2258
2309
2329
2343
2329
2362
2374
2377
2231
2277
2278
2259
2157
2090
2095
2021
1981
1920
1898
1828
1728
1633
1553
1586
1519
1489
1500
1553
1550
1491
1430
1451
1397
1451
1471
1473
1483
1384
1390
1360
1402
1420
1405
1459
1424
1477
1463
1570
1635
1631
1644
1660
1708
1676
1688
1739
1794
1879
1984
2031
2050
2020
2008
2027
2110
2192
2171
2162
2154
2223
2294
2343
2346
2393
2406
2359
2302
2218
2229
2156
2084
2166
2125
2076
2056
2033
2017
1967
1838
1791
1747
1731
1698
1663
1624
1600
1605
1540
1528
1412
1383
1307
1292
1235
1276
1290
1321
1345
1334
1365
1390
1378
1399
1336
1352
1306
1329
1381
1466
1486
1443
1522
1551
1655
1708
1724
1808
1867
1906
1931
1931
2007
1997
1999
2080
2133
2194
2169
2179
2258
2294
2374
2377
2369
2403
2428
2370
2396
2360
2355
2411
2437
2385
2369
2366
2258
2254
2160
2070
1964
1948
1868
1806
1710
1667
1726
1691
1613
1556
1506
1502
1492
1453
1434
1381
1397
1395
1349
1313
1276
1246
1187
1194
1278
1260
1341
1348
1305
1279
1222
1327
1340
1387
1415
1415
1517
1552
1572
1573
1574
1632
1579
1659
1800
1883
1931
1897
1919
1945
2019
2085
2139
2135
2222
2207
2179
2237
2214
2286
2298
2390
2395
2446
2455
2392
2387
2376
2423
2455
2423
2276
2195
2195
2141
2113
2089
2076
2013
1919
1870
1744
1678
1600
1533
1444
1427
1379
1421
1330
1325
1264
1228
1236
1213
1198
1169
1190
1253
1310
1317
1324
1322
1371
1313
1360
1404
1387
1448
1485
1417
1447
1502
1587
1611
1697
1798
1893
1952
1951
1989
2122
2162
2254
2290
2225
2266
2341
2454
2383
2427
2459
2385
2522
2546
2511
2529
2461
2404
2384
2361
2312
2220
2179
2132
2024
1973
1951
1870
1824
1762
1815
1765
1698
1719
1696
1672
1619
1605
1563
1541
1526
1507
1481
1389
1325
1333
1274
1201
1186
1217
1261
1244
1236
1242
1272
1338
1345
1460
1532
1503
1535
1506
1541
1660
1738
1803
1813
1894
1872
1859
1928
1948
2004
2002
2052
2180
2262
2271
2243
2327
2367
2385
2357
2351
2324
2263
2283
2184
2129
2179
2184
2222
2159
2182
2184
2193
2117
2100
2041
2023
1977
1901
1855
1807
1729
1706
1690
1728
1707
1666
1637
1587
1550
1535
1544
1480
1480
1420
1422
1457
1391
1271
1321
1298
1314
1320
1309
1354
1383
1406
1407
1428
1435
1452
1469
1517
1537
1566
1620
1679
1700
1821
1850
1864
1863
1879
1962
1970
2031
2036
2022
2087
2109
2254
2332
2389
2401
2454
2403
2381
2416
2421
2396
2421
2400
2389
2395
2325
2242
2220
2163
2128
2090
2169
2102
2032
1840
1780
1873
1734
1609
1572
1526
1501
1461
1414
1310
1288
1273
1285
1241
1276
1248
1293
1358
1350
1397
1423
1407
1393
1372
1383
1313
1345
1416
1511
1522
1570
1549
1581
1661
1737
1708
1781
1760
1721
1730
1798
1838
1845
1837
1756
1751
1754
1703
1659
1748
1758
1789
1849
1917
1987
2036
2048
2121
2199
2214
2213
2217
2205
2280
2316
2313
2301
2385
2393
2295
2265
2246
2309
2209
2044
2085
1966
1850
1837
1808
1706
1702
1626
1563
1528
1531
1434
1423
1436
1476
1457
1566
1536
1510
1565
1542
1615
1622
1579
1635
1573
1568
1541
1566
1620
1619
1595
1578
1671
1724
1696
1726
1803
1819
1815
1858
1934
1932
1941
1926
1939
2003
2052
2055
2000
1976
1910
1885
1875
1868
1817
1875
1945
2023
2001
1936
1910
1833
1891
1859
1943
1944
1944
1960
1951
2013
2016
1956
1940
1914
1890
1869
1856
1842
1736
1709
1693
1697
1718
1723
1687
1656
1730
1704
1757
1717
1707
1614
1637
1571
1577
1567
1545
1542
1563
1554
1570
1584
1583
1569
1623
1660
1639
1741
1791
1759
1730
1732
1795
1761
1805
1827
1846
1903
1959
1964
2002
2039
2074
2035
2002
1962
1910
2002
1981
2048
2086
2132
2104
2114
2107
2168
2130
2141
2123
2066
2063
2126
2265
2165
2144
2080
1985
1938
1822
1848
1928
1881
1800
1717
1591
1530
1493
1436
1460
1439
1435
1424
1395
1393
1400
1423
1416
1452
1387
1408
1435
1378
1418
1437
1421
1453
1518
1579
1600
1617
1653
1665
1702
1724
1726
1770
1726
1702
1747
1777
1817
1871
1951
2024
2052
2052
2038
1997
2002
2028
2083
2093
2191
2149
2125
2138
2109
2165
2127
2106
2077
2047
1962
1990
2042
2014
2010
1988
1966
1912
1898
1933
1911
1905
1875
1872
1834
1794
1800
1850
1834
1796
1720
1714
1722
1692
1707
1684
1647
1619
1567
1559
1557
1480
1424
1464
1471
1486
1498
1461
1412
1483
1534
1587
1554
1528
1513
1530
1558
1590
1528
1525
1559
1632
1641
1598
1649
1651
1716
1693
1729
1753
1802
1792
1836
1854
1902
1931
2019
2127
2200
2210
2231
2151
2246
2279
2284
2215
2183
2219
2149
2100
2121
2132
2093
2073
2027
1994
1921
1856
1885
1907
1932
1846
1697
1743
1694
1673
1625
1673
1596
1644
1586
1543
1600
1517
1511
1552
1561
1560
1563
1641
1701
1672
1723
1725
1700
1623
1713
1695
1735
1701
1714
1722
1741
1724
1756
1801
1753
1747
1764
1771
1746
1788
1794
1858
1883
1909
2009
1980
2022
2015
2021
2011
2061
1970
1996
2059
1961
1962
2014
2061
2028
2032
2009
2024
1944
1962
1989
1988
1982
2027
2061
2017
1980
1944
1823
1773
1693
1666
1680
1665
1677
1693
1660
1637
1631
1635
1638
1636
1686
1696
1685
1668
1657
1666
1662
1639
1629
1652
1664
1657
1595
1581
1606
1546
1580
1565
1615
1621
1524
1569
1575
1656
1704
1705
1782
1801
1841
1863
1853
1945
2043
2135
2138
2160
2103
2126
2161
2145
2139
2177
2146
2060
2018
1992
1991
1815
1768
1723
1742
1640
1623
1613
1606
1600
1593
1567
1656
1725
1723
1760
1770
1724
1733
1726
1737
1763
1760
1822
1785
1749
1748
1651
1698
1764
1756
1793
1748
1786
1720
1778
1722
1690
1684
1720
1781
1811
1839
1877
1913
1961
1990
2050
2084
2015
2025
2030
2019
2035
2073
2067
2021
2005
1978
1974
1990
1928
1921
1913
1970
1982
1977
2015
2056
1943
1901
1873
1848
1776
1662
1624
1567
1452
1454
1584
1526
1601
1551
1554
1572
1570
1517
1599
1618
1599
1648
1671
1718
1769
1748
1866
1932
1991
1980
1905
1902
1820
1869
1786
1748
1769
1843
1829
1868
1950
1885
1881
1889
1826
1792
1823
1818
1854
1857
1910
1900
1920
1888
1946
1902
1925
1937
1931
1968
1898
1950
1934
1928
1972
1895
1942
2004
1926
1932
1814
1746
1665
1686
1683
1773
1787
1710
1666
1580
1560
1548
1529
1525
1485
1439
1533
1577
1673
1660
1663
1660
1659
1664
1645
1712
1785
1828
1847
1875
1836
1825
1820
1896
1864
1822
1787
1838
1837
1785
1890
1913
1917
1918
1944
1882
1824
1887
1887
1968
2017
1988
1986
1927
1877
1893
1885
1884
1959
1926
1934
1960
1961
1954
1949
2027
2042
2036
2008
2023
1998
1952
1962
1929
1935
1877
1834
1762
1730
1649
1615
1607
1573
1557
1517
1523
1539
1607
1615
1617
1586
1605
1614
1571
1565
1610
1638
1576
1563
1590
1561
1566
1616
1649
1755
1732
1758
1751
1820
1844
1857
1825
1848
1804
1915
1888
1832
1795
1795
1844
1870
1885
1922
1947
2007
2022
1989
2026
1967
1935
1905
1888
1941
1905
1898
1831
1742
1784
1813
1838
1759
1843
1893
1896
1880
1969
1917
1893
1967
1875
1908
1995
1985
1930
1936
1942
1972
1810
1809
1758
1730
1766
1708
1727
1720
1727
1705
1653
1683
1702
1696
1628
1627
1673
1724
1763
1849
1871
1799
1867
1966
1990
1989
2020
2114
2173
2169
2118
2112
2111
2110
2096
2145
2145
2176
2076
2020
1931
1880
1741
1718
1668
1629
1611
1618
1596
1634
1586
1610
1610
1624
1520
1510
1527
1544
1511
1458
1465
1465
1490
1560
1612
1618
1631
1696
1777
1808
1860
1778
1746
1797
1809
1837
1938
1909
1962
1922
1900
1960
1991
1966
1986
2007
1926
1876
1785
1733
1741
1792
1815
1819
1857
1845
1874
1931
1959
2039
2064
2107
2139
2179
2194
2175
2106
2172
2147
2103
2069
1895
1940
1754
1687
1670
1582
1595
1574
1513
1423
1424
1508
1496
1557
1584
1587
1631
1638
1675
1711
1635
1705
1708
1650
1715
1719
1703
1801
1828
1800
1764
1869
1833
1823
1864
1950
1932
1855
1770
1778
1753
1754
1727
1741
1829
1831
1832
1815
1808
1775
1809
1839
1829
1794
1807
1870
1915
1927
1975
1979
2031
2013
2017
1989
1975
1989
2016
1966
1846
1861
1893
1975
1987
1983
1940
1932
1856
1839
1839
1751
1617
1507
1477
1423
1448
1411
1429
1498
1586
1605
1620
1616
1698
1663
1695
1695
1635
1653
1721
1704
1686
1665
1746
1712
1737
1776
1855
1771
1737
1727
1728
1798
1863
1875
1906
1942
2005
2035
1998
1991
2010
2064
2093
2119
2168
2183
2218
2163
2133
2110
2069
2062
2022
2017
1997
2003
1957
1966
1924
2038
1967
1998
1990
1961
1918
1848
1817
1800
1775
1784
1747
1765
1739
1709
1628
1549
1441
1480
1425
1460
1468
1507
1538
1556
1649
1643
1642
1678
1695
1742
1778
1731
1720
1778
1879
1948
1953
1989
1956
1858
1896
1812
1826
1768
1780
1750
1785
1743
1669
1703
1730
1725
1788
1863
1805
1806
1804
1808
1840
1911
1987
1962
1965
1957
1970
1978
2019
1947
1935
1931
2052
2084
2049
2094
2014
2010
2006
2001
1946
1845
1804
1794
1720
1704
1695
1691
1692
1690
1692
1687
1721
1693
1651
1643
1676
1657
1704
1746
1653
1656
1653
1633
1665
1725
1737
1774
1771
1787
1730
1741
1767
1817
1865
1774
1807
1829
1835
1879
1940
2005
1891
1860
1897
1910
1829
1740
1653
1678
1753
1735
1732
1761
1835
1877
1882
1857
1856
1898
1837
1831
1768
1799
1749
1794
1823
1855
1795
1810
1780
1803
1742
1807
1835
1817
1817
1873
1924
1963
1938
2019
2022
1983
2015
2123
2074
2029
1965
1885
1830
1804
1708
1688
1637
1644
1629
1628
1570
1595
1585
1578
1682
1823
1784
1770
1743
1677
1659
1572
1580
1619
1634
1631
1650
1676
1735
1692
1766
1849
1856
1917
1882
1858
1854
1848
1773
1796
1785
1783
1913
1885
1829
1868
1886
1881
1969
1953
1964
1999
2013
2156
2159
2150
2083
1979
1942
1892
1744
1694
1737
1706
1685
1729
1696
1764
1756
1845
1862
1845
1844
1795
1870
1908
1862
1853
1836
1846
1839
1829
1777
1799
1757
1806
1814
1718
1679
1672
1679
1649
1658
1644
1690
1769
1774
1780
1834
1805
1844
1832
1885
1855
1846
1869
1811
1817
1766
1717
1692
1687
1624
1730
1771
1829
1892
1865
1868
1862
1906
1873
1875
1892
1943
1880
1951
1895
1932
1922
1892
1901
1901
1891
1898
1846
1871
1800
1774
1771
1787
1744
1706
1686
1613
1605
1639
1671
1721
1743
1839
1941
1956
1979
1948
1894
1944
1944
1897
1937
1907
1863
1844
1835
1804
1811
1846
1789
1757
1722
1698
1706
1655
1669
1762
1750
1798
1717
1703
1686
1719
1732
1710
1690
1668
1678
1695
1677
1640
1730
1740
1761
1806
1826
1834
1861
1913
1943
1920
1906
1897
1868
1897
1943
1921
1887
1890
1854
1820
1680
1652
1702
1642
1640
1677
1672
1656
1792
1835
1804
1783
1782
1714
1720
1732
1728
1680
1665
1629
1619
1668
1676
1767
1727
1781
1795
1803
1794
1807
1864
1924
1907
1952
1929
1931
1941
1968
1928
1890
1824
1793
1732
1719
1729
1732
1761
1740
1769
1729
1765
1822
1735
1719
1720
1730
1735
1763
1766
1816
1843
1884
1877
1831
1686
1724
1744
1724
1701
1650
1706
1722
1693
1740
1822
1865
1871
1808
1857
1905
1878
1942
1959
1950
1962
1929
1962
1905
1947
1962
1870
1855
1944
1993
2022
2066
1918
1918
1876
1905
1912
1901
1926
1989
2006
2010
1971
1924
1866
1801
1753
1724
1619
1554
1548
1634
1638
1593
1560
1607
1577
1522
1536
1596
1585
1577
1668
1767
1719
1693
1731
1814
1788
1783
1828
1837
1851
1819
1756
1759
1786
1824
1854
1894
1916
1919
1998
1999
1983
1977
1956
2001
1993
1986
1961
1990
2030
2063
2123
2085
2092
2188
2123
2028
2019
1868
1786
1783
1762
1807
1796
1749
1775
1827
1789
1794
1822
1877
1859
1832
1801
1819
1853
1844
1823
1829
1831
1841
1781
1709
1636
1509
1539
1482
1458
1461
1558
1545
1563
1612
1641
1657
1735
1764
1788
1832
1814
1852
1871
1780
1789
1777
1891
1842
1941
1892
1905
1891
1905
1888
1926
1937
1983
1965
1965
1957
2015
1993
1989
2006
2035
1973
1982
1967
1993
1975
2002
1981
1881
1857
1798
1709
1648
1590
1546
1563
1579
1569
1515
1538
1526
1543
1582
1539
1531
1537
1577
1580
1605
1551
1574
1557
1554
1577
1556
1671
1696
1728
1777
1779
1888
1935
2058
2165
2136
2095
2166
2180
2137
2099
2110
2082
2029
1943
1946
1874
1901
1935
1939
1933
1901
1941
1891
1913
1913
1835
1853
1845
1838
1918
1879
1806
1829
1877
1899
1881
1873
1889
1801
1770
1764
1771
1753
1752
1676
1684
1741
1702
1769
1843
1801
1758
1703
1671
1688
1645
1614
1633
1527
1556
1612
1671
1730
1735
1741
1800
1738
1797
1830
1877
1897
1852
1919
1883
1911
1929
1913
1904
1896
1884
1838
1867
1821
1851
1866
1833
1766
1708
1789
1818
1796
1756
1750
1791
1856
1936
1995
1957
1956
1933
1927
1898
1932
1840
1794
1749
1744
1794
1760
1800
1854
1823
1765
1751
1660
1642
1671
1614
1576
1538
1564
1581
1590
1545
1556
1701
1762
1839
1819
1779
1837
1802
1864
1834
1854
1841
1818
1758
1771
1769
1792
1706
1717
1710
1695
1776
1748
1709
1787
1837
1792
1742
1794
1820
1797
1876
1885
1870
1979
2026
2069
2077
2151
2090
2067
2051
2020
2018
2006
1929
2018
1984
1951
2005
1989
2048
2006
2001
1979
1944
1914
1893
1825
1726
1747
1772
1706
1674
1608
1580
1504
1445
1488
1497
1426
1407
1426
1482
1530
1524
1514
1552
1617
1606
1668
1663
1591
1675
1734
1791
1862
1873
1858
1884
1857
1914
1921
1981
2008
2068
2154
2098
2067
2104
2168
2041
2108
2084
2104
2148
2080
1992
1946
1886
1904
1897
1888
1887
1882
1907
1832
1770
1837
1803
1803
1820
1716
1733
1699
1726
1674
1601
1595
1573
1543
1607
1671
1689
1699
1708
1709
1693
1763
1726
1728
1750
1777
1727
1708
1628
1633
1610
1516
1504
1455
1469
1518
1532
1594
1600
1572
1587
1618
1691
1705
1745
1785
1745
1750
1759
1782
1880
1940
1966
2020
1991
2080
2125
2024
1946
1958
1994
2010
2068
2148
2020
2005
1990
1979
1960
1954
1978
2021
2017
1958
1906
1895
1920
1862
1828
1814
1803
1781
1791
1725
1768
1795
1799
1824
1775
1788
1855
1915
1949
1973
1859
1860
1723
1630
1610
1563
1533
1512
1453
1500
1491
1508
1512
1513
1567
1638
1655
1688
1701
1669
1697
1737
1722
1707
1817
1808
1872
1931
1881
1913
1993
1997
2047
2101
2157
2143
2138
2100
2073
2008
2051
2099
2073
2042
1980
1940
1926
1888
1927
1973
1936
1857
1746
1759
1681
1726
1732
1689
1736
1758
1788
1832
1857
1842
1846
1803
1760
1767
1687
1695
1760
1812
1819
1833
1841
1814
1816
1790
1819
1787
1770
1789
1799
1767
1735
1707
1787
1657
1608
1554
1522
1588
1536
1495
1502
1529
1656
1648
1653
1690
1841
1835
1796
1802
1886
1974
2053
2020
2040
2006
2013
2049
2078
2027
2007
1884
1856
1865
1777
1812
1789
1818
1833
1924
1892
1911
1954
1943
1896
1904
2001
2006
1955
1914
1921
1920
1944
1975
1967
1923
1874
1846
1772
1751
1795
1711
1610
1588
1604
1594
1562
1541
1514
1449
1412
1401
1433
1443
1458
1447
1448
1465
1419
1431
1540
1570
1639
1668
1701
1755
1843
1846
1846
1845
1910
1882
1897
1878
1922
1967
1934
1867
1836
1879
1910
1889
1938
1989
1993
1994
1962
1962
1946
1956
1994
2049
2070
2081
2128
2122
2068
2033
2062
2191
2139
2076
1989
1929
1894
1860
1832
1837
1797
1734
1739
1667
1652
1664
1607
1578
1561
1628
1541
1563
1633
1615
1635
1597
1600
1687
1709
1666
1679
1699
1695
1682
1681
1758
1767
1746
1720
1743
1769
1796
1884
1932
1945
1941
1921
1886
1866
1953
1930
1895
1940
1886
1891
1884
1871
1857
1875
1807
1804
1802
1832
1866
1942
2003
2000
1960
2007
2091
2064
1974
1969
1997
2029
2044
1972
1968
1936
1851
1856
1889
1894
1813
1854
1797
1736
1834
1761
1768
1763
1635
1565
1515
1555
1583
1567
1619
1597
1635
1679
1699
1726
1795
1808
1817
1796
1781
1694
1730
1756
1727
1709
1767
1806
1784
1685
1764
1823
1855
1867
1824
1819
1801
1849
1793
1761
1688
1672
1684
1676
1632
1677
1760
1762
1787
1841
1892
1953
2004
2034
2082
2156
2123
2090
2070
2031
1984
1989
1951
1968
1887
1790
1799
1771
1778
1824
1799
1810
1807
1792
1855
1816
1764
1784
1746
1645
1687
1725
1757
1685
1589
1586
1564
1522
1536
1508
1580
1618
1614
1630
1595
1629
1674
1707
1712
1697
1740
1724
1733
1751
1772
1785
1749
1799
1827
1914
1895
1925
1849
1815
1928
1900
1919
1915
1952
1995
1854
1845
1859
1875
1916
1859
1895
1956
1954
1954
1978
1942
1932
1858
1872
1844
1848
1833
1755
1751
1745
1729
1711
1659
1603
1686
1778
1823
1873
1792
1773
1748
1725
1743
1741
1766
1749
1726
1764
1751
1768
1780
1793
1796
1780
1749
1797
1901
1922
1906
1901
1972
1917
1942
1914
1879
1839
1824
1783
1839
1846
1830
1822
1835
1799
1835
1820
1771
1739
1730
1698
1707
1688
1720
1730
1679
1727
1724
1727
1833
1877
1861
1858
1914
1920
1882
1850
1926
1891
1822
1886
1904
1836
1886
1776
1726
1734
1778
1751
1718
1696
1758
1696
1734
1709
1678
1670
1689
1711
1686
1721
1731
1680
1673
1741
1681
1623
1606
1653
1695
1782
1826
1904
1923
1945
1871
1864
1868
1899
1930
1919
1912
1897
1928
1931
1880
1870
1858
1924
1935
1973
1874
1876
1928
1923
1905
1987
1942
1945
1978
1963
1953
1950
1900
1785
1782
1766
1774
1793
1779
1796
1795
1837
1830
1857
1826
1786
1735
1683
1661
1612
1657
1637
1608
1667
1723
1730
1751
1741
1735
1704
1747
1720
1690
1604
1671
1668
1620
1635
1612
1637
1705
1736
1788
1849
1834
1826
1892
1980
1954
1940
1923
1926
1965
1955
1875
1910
1906
1902
1847
1908
1948
1896
1907
1958
1994
2009
1976
1943
1973
2033
1939
1899
1764
1815
1715
1669
1672
1652
1647
1674
1693
1744
1740
1713
1619
1646
1684
1622
1685
1719
1717
1768
1749
1723
1709
1636
1658
1641
1660
1625
1671
1720
1758
1716
1697
1690
1705
1661
1638
1736
1754
1793
1827
1795
1745
1763
1792
1795
1808
1825
1805
1835
1819
1981
2008
2121
2174
2174
2102
2176
2266
2190
2254
2209
2174
2129
2131
2123
2141
2146
2090
1976
1974
1909
1855
1805
1805
1762
1763
1792
1749
1809
1818
1761
1792
1727
1667
1608
1512
1427
1448
1416
1387
1338
1346
1347
1376
1414
1401
1402
1386
1390
1415
1459
1479
1455
1421
1448
1472
1535
1599
1631
1733
1777
1743
1810
1826
1864
1885
1887
1863
1908
2014
2030
2063
2117
2167
2248
2261
2303
2370
2389
2400
2410
2448
2393
2428
2390
2415
2406
2372
2328
2225
2225
2149
2148
2053
1978
1860
1756
1687
1665
1693
1673
1647
1631
1556
1543
1543
1477
1429
1399
1395
1398
1393
1356
1339
1372
1405
1453
1438
1478
1480
1472
1439
1427
1451
1418
1404
1382
1384
1433
1467
1554
1561
1624
1580
1703
1811
1837
1774
1814
1868
1858
1848
1830
1931
2026
2078
2046
1992
2007
2103
2125
2178
2243
2194
2231
2225
2187
2150
2146
2182
2217
2228
2297
2297
2222
2145
2238
2234
2186
2093
2012
1976
1908
1950
1989
1991
2008
1927
1930
1830
1769
1662
1612
1510
1468
1489
1488
1435
1380
1328
1306
1328
1318
1310
1322
1361
1352
1336
1274
1277
1274
1330
1360
1359
1404
1448
1473
1499
1559
1626
1618
1672
1737
1785
1828
1857
2004
1996
2006
2025
2093
2131
2137
2197
2298
2311
2325
2295
2353
2367
2356
2385
2321
2302
2338
2294
2300
2242
2197
2166
2135
2177
2182
2070
2023
1965
1905
1982
1867
1796
1751
1729
1723
1668
1654
1602
1632
1681
1634
1619
1571
1481
1369
1338
1321
1320
1328
1343
1318
1268
1209
1200
1224
1232
1291
1282
1285
1303
1306
1313
1347
1358
1385
1425
1464
1528
1618
1592
1700
1848
1831
1977
2116
2200
2134
2122
2145
2206
2144
2149
2187
2208
2176
2188
2237
2260
2193
2188
2235
2263
2265
2375
2375
2289
2319
2341
2280
2268
2311
2376
2420
2327
2312
2286
2135
2121
2103
2006
1895
1780
1696
1620
1544
1543
1455
1429
1401
1458
1464
1402
1322
1227
1245
1266
1223
1218
1203
1206
1216
1264
1280
1280
1292
1329
1354
1405
1441
1485
1543
1531
1574
1600
1653
1600
1679
1683
1653
1693
1695
1755
1823
1907
1939
1966
2025
2093
2156
2181
2272
2258
2264
2256
2324
2366
2357
2386
2333
2359
2337
2331
2303
2281
2223
2183
2156
2257
2210
2174
2144
2138
2039
2029
1935
1869
1821
1695
1689
1578
1566
1500
1486
1400
1384
1393
1398
1350
1316
1305
1242
1268
1339
1409
1391
1387
1397
1401
1466
1493
1538
1584
1599
1552
1562
1626
1613
1648
1673
1738
1736
1805
1826
1848
1913
1859
1935
2023
2060
1980
2015
1932
1967
2047
2145
2288
2302
2244
2319
2301
2301
2222
2221
2299
2352
2299
2204
2156
2196
2201
2150
2138
2147
2041
1884
1815
1696
1732
1678
1676
1653
1678
1689
1683
1641
1677
1561
1512
1468
1392
1376
1348
1407
1398
1445
1476
1514
1496
1414
1404
1440
1417
1437
1482
1499
1566
1585
1535
1602
1612
1611
1649
1658
1719
1721
1828
1939
2004
1945
2002
2020
2075
2076
2073
2062
2073
2033
2113
2208
2225
2277
2279
2254
2201
2214
2205
2257
2157
2112
2108
2063
2078
2040
2013
1923
2005
1926
1920
1928
1895
1811
1805
1773
1667
1637
1687
1596
1543
1477
1377
1351
1330
1270
1277
1323
1337
1371
1373
1298
1314
1313
1352
1306
1277
1262
1304
1366
1352
1413
1442
1513
1585
1610
1695
1717
1741
1829
1835
1932
1868
1892
1958
2002
2026
2089
2197
2160
2228
2226
2327
2314
2388
2340
2437
2454
2499
2521
2478
2509
2534
2411
2457
2396
2382
2304
2291
2215
2156
2054
2035
2000
2006
1922
1878
1844
1754
1705
1629
1544
1412
1486
1392
1321
1309
1252
1250
1251
1244
1255
1245
1186
1125
1131
1100
1102
1140
1211
1289
1241
1265
1292
1390
1400
1438
1497
1563
1610
1629
1716
1787
1793
1797
1801
1821
1957
1985
2108
2118
2108
2209
2298
2353
2438
2459
2428
2491
2417
2415
2462
2482
2445
2388
2280
2236
2189
2269
2230
2126
2057
2104
2114
2061
2043
2016
2054
2060
1946
1875
1862
1899
1802
1692
1588
1501
1416
1354
1332
1285
1279
1207
1175
1179
1204
1198
1246
1236
1315
1304
1304
1383
1348
1382
1377
1377
1375
1412
1539
1483
1469
1509
1575
1633
1699
1791
1877
2025
1992
1968
1967
2000
2119
2093
2057
2164
2242
2318
2302
2323
2365
2345
2334
2276
2338
2318
2284
2326
2317
2263
2303
2254
2278
2341
2374
2293
2285
2223
2187
2164
2075
2042
1954
1837
1769
1738
1696
1638
1636
1618
1587
1520
1533
1503
1426
1437
1322
1280
1204
1170
1163
1097
1095
1103
1095
1217
1260
1317
1327
1383
1425
1400
1392
1409
1437
1521
1587
1693
1769
1742
1800
1888
1918
2052
2156
2213
2232
2267
2324
2415
2335
2334
2264
2202
2179
2153
2166
2133
2112
2071
2010
2075
2097
2096
2047
2000
2009
1982
1995
2068
2025
2046
2038
2005
2019
2009
1929
1909
1852
1826
1805
1790
1777
1747
1793
1729
1698
1645
1545
1457
1400
1333
1284
1314
1277
1232
1236
1295
1197
1227
1271
1304
1297
1328
1411
1424
1413
1462
1498
1571
1617
1670
1787
1859
1955
2003
2016
2071
2198
2209
2203
2294
2223
2229
2255
2340
2287
2236
2263
2229
2315
2244
2201
2189
2181
2078
2029
1975
1946
1936
1917
1891
1864
1826
1768
1778
1784
1780
1797
1858
1814
1865
1853
1820
1803
1804
1796
1796
1797
1850
1842
1735
1586
1596
1687
1628
1572
1525
1455
1441
1467
1498
1575
1568
1570
1542
1484
1485
1544
1541
1522
1542
1504
1564
1562
1599
1620
1641
1650
1739
1844
1893
1981
2064
2083
2182
2159
2165
2214
2206
2227
2268
2271
2230
2174
2140
2090
2033
1959
1971
1977
2006
2006
1965
1984
1957
1934
1845
1834
1859
1923
1841
1772
1714
1721
1693
1638
1522
1537
1513
1561
1569
1557
1568
1554
1556
1577
1526
1498
1458
1421
1464
1435
1479
1479
1531
1529
1570
1608
1648
1730
1765
1818
1842
1892
1921
1957
2044
2031
2148
2158
2123
2157
2204
2098
2029
2012
1985
2007
2029
1985
1968
2034
1983
1916
1840
1885
1926
1886
1872
1829
1835
1881
1832
1891
1929
1894
1874
1869
1924
1893
1847
1827
1813
1807
1827
1792
1690
1683
1691
1660
1646
1651
1641
1624
1693
1601
1586
1587
1609
1511
1461
1515
1584
1571
1525
1541
1450
1492
1499
1475
1525
1601
1672
1755
1784
1843
1898
1902
1961
2024
2019
2065
1994
2053
2066
2058
2104
2106
2090
2053
1995
2046
2102
2088
2091
2131
2069
2038
2059
2041
1944
1947
1917
1985
1980
1986
1895
1859
1885
1896
1833
1803
1765
1760
1813
1759
1784
1807
