1369
7194
15058
22566
27336
26395
20478
13111
6823
3051
1198
524
322
270
297
342
376
444
515
607
704
771
866
955
1006
1048
1211
1325
1429
1503
1603
1630
1700
1698
1841
2013
2091
2161
2206
2299
2253
2271
2339
2316
2221
2204
2314
2325
2233
2239
2163
2192
2119
2161
2154
2155
2294
2255
2126
2139
2132
2049
2049
2147
2191
2144
2091
2072
2062
2106
2176
2100
2075
2074
2057
2133
2239
2186
2182
2161
2159
2077
1968
2040
2033
2031
2033
2099
2207
2225
2180
2174
2107
2046
2060
1985
2065
2170
2185
2140
2073
2186
2191
2183
2195
2113
2056
1973
2020
1967
2002
2035
2030
2103
2167
2168
2035
2078
2180
2167
2156
2202
2156
2094
2123
2095
2042
2096
2152
2118
2132
2118
2053
2094
2117
2123
2153
2122
2131
2064
2134
2202
2245
2204
2243
2127
2140
2239
2226
2177
2134
2130
2122
2064
2099
2064
2006
2001
2038
2081
2092
2045
2055
2091
2039
2083
2092
1987
2003
2088
2063
2183
2226
2193
2205
2196
2107
2158
2128
2165
2155
2214
2170
2080
2070
2147
2154
2115
2095
2075
2188
2153
2075
2103
2015
2056
2130
2111
2076
2134
2124
2055
2044
2020
1960
1995
1998
1965
1996
2068
2084
2065
2120
2218
2209
2234
2262
2296
2291
2205
2122
2060
2064
2083
2063
2112
2162
2177
2198
2160
2159
2172
2186
2064
2064
2043
2093
2021
1935
1970
1932
1997
2053
2056
2016
2159
2111
2122
2152
2085
2035
2030
2009
2040
2043
2067
2075
2117
2161
2106
2089
2131
2128
2163
2210
2202
2162
2140
2069
2042
2144
2269
2175
2176
2165
2194
2138
2012
1990
2024
1939
1937
2019
2083
2172
2102
2092
2012
2037
2020
2046
2144
2131
2159
2223
2187
2062
2129
2195
2212
2216
2208
2175
2107
2071
2096
2088
2142
2104
2039
2047
2047
1968
2064
2210
2095
2041
2118
2115
2162
2194
2178
2158
2079
2051
2078
2189
2221
2245
2232
2096
2090
2020
1944
2001
1999
2043
2109
2146
2104
2140
2173
2163
2090
2097
2119
2096
2096
2042
2078
2063
2058
2056
2028
2098
2131
2106
2038
2073
2076
2128
2137
2193
2236
2188
2132
2177
2150
2177
2147
2118
2046
2051
2045
2111
2094
2147
2085
2089
2106
2087
2065
2076
2072
2096
2146
2198
2199
2115
1982
2030
1972
2005
2015
2043
2103
2245
2214
2195
2128
2039
2062
2070
2166
2150
2058
2029
2010
2032
2006
2066
2112
2181
2138
2092
2049
1990
1943
2031
2049
2100
2021
2045
2132
2216
2211
2232
2227
2191
2190
2240
2140
2087
2005
2034
2086
2188
2147
2071
2068
2062
2091
2067
2129
2170
2154
2080
2095
2081
2088
2048
2071
2094
2155
2194
2184
2099
2051
2017
1979
2010
2064
2065
2150
2065
2019
2140
2180
2122
2043
2096
2056
2085
2015
2110
2067
2058
2092
2134
2181
2188
2094
2052
2097
2076
2104
2223
2244
2096
2072
2112
2083
2057
2062
2012
1983
2042
2154
2109
2161
2201
2164
2171
2166
2196
2151
2158
2126
2092
2077
2004
2028
1967
1980
1964
2036
2028
2087
2113
2142
2122
2050
1963
2045
2086
2168
2142
2111
2071
2063
2013
2080
2120
2128
2118
2103
1996
2066
2063
2160
2181
2171
2176
2208
2207
2155
2092
2105
2106
2121
2082
2053
2100
2132
2132
2185
2145
2133
2187
2127
2156
2110
2039
1978
1977
2005
2063
2063
2086
2093
2188
2121
2069
2071
2052
2115
2049
2047
2072
2082
1998
1977
1998
2066
2032
2000
1979
1956
2034
2126
2190
2245
2261
2179
2122
2063
1962
2048
2062
2103
2154
2190
2198
2256
2168
2105
2040
2074
2041
2066
2046
2084
2134
2122
2139
2099
2119
2105
2007
2028
2028
2091
2225
2168
2177
2186
2167
2220
2277
2170
2100
2113
2141
2241
2140
2068
2049
2059
2006
1936
1986
2011
2110
2134
2125
2075
2063
2040
2065
2099
2062
2042
2080
2123
2169
2133
2136
2112
2117
2130
2105
2126
2153
2119
2035
2100
2085
2094
2033
2035
2105
2123
2118
2139
2159
2193
2236
2153
2077
2086
2175
2090
2135
2003
2026
2078
2041
2011
2079
1948
1993
2136
2171
2130
2207
2126
2090
2084
2077
2070
2040
2155
2168
2117
2138
2139
2199
2235
2228
2165
2079
2088
2108
2055
2083
2093
2083
2068
1999
2096
2207
2168
2077
1993
2031
2023
2101
2115
2129
2126
2109
2151
2142
2049
2019
2171
2221
2125
2148
2128
2073
2071
1966
1972
1992
2019
2065
2059
2033
2112
2112
2117
2107
2133
2123
2108
2109
2153
2123
2140
2207
2178
2154
2127
2090
2099
2089
2107
2077
2148
2129
2146
2066
2102
2066
2101
2104
2120
2057
2022
2051
2027
2064
2123
2132
2070
2081
2075
2025
2088
2050
2049
2081
2085
2163
2089
2136
2060
2097
2152
2052
2068
2130
2150
2107
2073
2104
2146
2112
2117
2150
2112
2091
2098
2062
2099
2153
2082
2080
2055
2006
2013
2099
2044
2071
2074
2098
2061
2048
2040
2085
2076
2048
2085
2047
2077
2200
2209
2074
2058
2127
2182
2101
2130
2072
2095
2085
2145
2165
2236
2270
2266
2256
2223
2225
2278
2152
2178
2123
1980
1959
2008
1995
2045
2029
2046
2048
2003
1953
2020
1964
1989
2023
2038
2076
2033
2094
2184
2188
2169
2135
2032
1992
2102
2100
2097
2153
2138
2188
2170
2069
2053
2070
2092
2069
2055
2118
2221
2253
2304
2282
2191
2120
2041
2024
2069
2020
2063
2091
2117
2087
2075
2073
2086
2127
2097
2033
2031
2048
2100
2093
2083
2129
2112
2064
2098
2113
2110
2115
2122
2037
2071
2067
2131
2143
2204
2239
2158
2062
2038
2015
2075
2113
2100
2059
2055
2090
2042
2042
2023
2108
2183
2109
2057
2061
2041
2141
2180
2060
2099
2099
2184
2175
2163
2153
2136
2144
2275
2290
2225
2176
2169
2206
2185
2102
2081
1975
1983
1978
1969
2046
2011
2006
1991
1998
2097
2156
2204
2167
2093
2017
2016
2078
2035
2019
2109
2128
2113
2201
2223
